0.000000000000000000e+00
1.587123716348060043e-03
0.000000000000000000e+00
0.000000000000000000e+00
8.886103757879482146e-02
3.967828772601933451e-04
0.000000000000000000e+00
0.000000000000000000e+00
1.388732277746385080e-03
0.000000000000000000e+00
0.000000000000000000e+00
0.000000000000000000e+00
0.000000000000000000e+00
0.000000000000000000e+00
2.665831127363560427e-01
2.665831127363560427e-01
7.935657545203866903e-04
1.388732277717963370e-03
4.166157870116649065e-03
0.000000000000000000e+00
3.174239640003406748e-03
3.967805394552215148e-03
0.000000000000000000e+00
1.803011093113013885e-01
0.000000000000000000e+00
0.000000000000000000e+00
0.000000000000000000e+00
0.000000000000000000e+00
3.967828772601933451e-04
0.000000000000000000e+00
