1.111289296198014114e+02
1.111258235172338544e+02
1.111289296198014114e+02
1.111289296198014114e+02
1.111258235172338544e+02
1.111289296198014114e+02
1.111289296198014114e+02
1.111258235172338544e+02
1.111289296198014114e+02
1.111258235172338544e+02
1.111289296198014114e+02
1.111289296198014114e+02
1.111289296198014114e+02
1.111289296198014114e+02
1.111258235172338544e+02
1.111289296198014114e+02
1.111258235172338544e+02
1.111258235172338544e+02
1.111258235172338544e+02
1.111289296198014114e+02
1.111289296198014114e+02
1.111258235172338544e+02
3.273081595204985206e-02
1.983914386300966726e-04
1.111289296198014114e+02
1.111289296198014114e+02
1.111289296198014114e+02
1.111289296198014114e+02
2.182259069172687305e-03
2.182305824916852544e-03
