3.239584915061016090e+00
9.949593963426792698e-01
2.984878189028037809e+00
3.980052296195040640e+00
2.791696319026655715e+00
2.244625518718322610e+00
1.989918792685358540e+00
2.985092899852361370e+00
2.988199002419932526e+00
4.781829822536337815e+00
1.993024895252929696e+00
4.978332505929614626e+00
2.985092899852361370e+00
3.979837585370731290e+00
1.989918792685358540e+00
3.979837585370717079e+00
2.985092899852361370e+00
2.984878189028037809e+00
5.229933129395021751e+00
2.984878189028037809e+00
1.993024895252929696e+00
1.989918792685358540e+00
1.993024895252929696e+00
9.949593963426792698e-01
1.989918792685358540e+00
4.044468543969884422e+00
3.979837585370717079e+00
3.982943687938288235e+00
4.981009186848538661e+00
1.993024895252929696e+00
