1.071090851783172582e+01
1.474615810984374775e+01
1.781317309755496581e+01
3.389025770406347249e+01
1.499858647414490065e+01
1.768998994148334702e+01
1.303888841595804138e+01
1.244917199917080097e+01
2.076160023007477662e+01
1.137592868213960173e+01
1.607353778099236763e+01
9.437965305426871510e+00
1.409640044332972764e+01
1.525836055114231726e+01
6.139961636901830389e+00
6.482275932689603337e+00
1.436385828585432023e+01
1.010213297065435256e+01
1.200103274249030960e+01
1.649007136780758742e+01
1.726972525807003933e+01
1.726961994370468290e+01
5.972862480623660986e+00
1.121917488211843761e+01
8.279012855373565571e+00
1.659768906682447209e+01
1.066928899037505118e+01
1.080367474198683908e+01
2.880411675068130251e+01
1.219098311783159261e+01
