4.088031484876910326e+02
4.087038937062403647e+02
9.175914039948722234e+01
4.087552550355974859e+02
3.769716356244172175e+02
3.846154975046569007e+02
4.087102019591071098e+02
4.086396209276034028e+02
4.087929341306832498e+02
1.540856791165719812e+02
4.086396209276034028e+02
4.087209850257139578e+02
4.087307487239629609e+02
4.086431137709352015e+02
4.086460435697051139e+02
4.086835218136762933e+02
4.089388474107468028e+02
4.089263278906142318e+02
4.086491264694838037e+02
4.087972567816348146e+02
4.087634343469672444e+02
4.087384880685631288e+02
4.088083657039435366e+02
4.088457554394495901e+02
4.086779850544733108e+02
1.213570453618331157e-01
4.086379189633623810e+02
4.087493074909087909e+02
4.011707039381604432e+02
4.086972816875455692e+02
