1.681433530327029757e+01
5.103682796995829563e+01
2.503429825285564903e+01
3.512164948799599529e+01
4.817442443153331055e+01
2.341079014754794230e+01
3.798604654798282354e+01
2.894568830793519965e+01
2.342817803090230200e+01
4.335360204683394159e+01
2.822316203677897306e+01
1.063587846506788992e+01
2.370570531421404326e+01
1.898018474841066450e+01
4.251263472572753699e+01
1.730576246972370313e+01
4.510867657325667324e+01
2.824879914688742133e+01
2.211797787394814918e+01
1.554288913453456189e+01
3.472128219856659825e+01
3.383232052548234492e+01
3.065936199963661579e+01
1.965827012432299625e+01
3.666443047722782467e+01
1.967214766558245742e+01
1.272936663899511700e+01
2.467494333660167172e+01
2.102912012933308006e+01
2.722829217022209036e+01
