7.135961948594740534e+00
1.368268676783057458e+01
1.600348524089582725e+01
1.576419545174081804e+01
1.585615486340842040e+01
1.056574054710515043e+01
1.573172887336309600e+01
1.134381205257366787e+01
1.567741018708926504e+01
2.021891094269827249e+01
4.782441316237935780e+00
1.486083505913097724e+01
9.389625397045676891e+00
1.070969602325351389e+01
9.631364067468041412e+00
1.242873231931949363e+01
3.864737445627648071e+01
2.561651774358554690e+01
1.593890631452114803e+01
9.549624146997075513e+00
1.547886947483547715e+01
1.340786218361378701e+01
9.825735615994119598e+00
1.748314305838397331e+01
9.128299709074241264e+00
1.398899330504676186e+01
7.220430582209075965e+00
6.483466078727161630e+00
3.083874839261898160e+01
1.144929605189383892e+01
