4.751581910483082538e-01
2.256326522318943262e-01
1.991845624137877735e+01
1.682561282813858838e+01
4.600556510327749038e-01
7.726257283713948709e-01
2.056269828371739550e-01
6.957722914077351106e-01
9.017409466353001335e-01
2.508016007715139040e+01
1.470699700343118366e+00
1.991695275914128160e+01
1.991666939077714460e+01
1.362337886151181010e+00
3.645270356490755148e-01
1.991480341475906357e+01
1.891599826827530251e-01
4.155390134988437012e+00
5.064322469480657674e-01
4.020699632091293552e-01
1.990769590354122442e+01
8.084646003294722050e-01
1.205961417938112845e-01
2.575660309952070293e-01
1.676278223886527030e+01
4.130377902681630076e-01
7.351566916731258061e-01
1.738580986128340555e+01
4.316873349584682273e-01
2.111883439465600532e-01
