2.491596286306596824e+02	2.492975646122724243e+02
2.458753158334510545e+02	2.483875563757729594e+02
2.368874834704062948e+02	2.465210113858095440e+02
2.353887145157371492e+02	2.452963689770217286e+02
2.079062119053542688e+02	2.420849441546125433e+02
2.074174509827458621e+02	2.400832643952071237e+02
2.057571787339613536e+02	2.380597216505821336e+02
2.044363255953796568e+02	2.344085654484938459e+02
2.013522521407973045e+02	2.321364886612714429e+02
1.998625274614034026e+02	2.310000605675353142e+02
1.932390886358697628e+02	2.284166003837557355e+02
1.915799054804867012e+02	2.264171972414167726e+02
1.885793313238733333e+02	2.247305811347724500e+02
1.876605282023886616e+02	2.229843708997340173e+02
1.867041557112229953e+02	2.221188530157634773e+02
1.573060542210127153e+02	2.171892193827039534e+02
1.570942602986805809e+02	2.143311200208011655e+02
1.238000688400195486e+02	2.085015950975015926e+02
1.233764499509039752e+02	2.055785172482354426e+02
1.182854860430669390e+02	1.974154833011137669e+02
1.206467091895102897e+02	1.918334011829421684e+02
1.193221568836171684e+02	1.851057186294525820e+02
1.117303220357612048e+02	1.802400963534474272e+02
1.118099879262600638e+02	1.723760828376983341e+02
9.679274573523036906e+01	1.689673730869492942e+02
8.981136566569969659e+01	1.653188987187010071e+02
8.038176911477296471e+01	1.597444889125789871e+02
8.026579376751489292e+01	1.559921246342318284e+02
6.456159894970312507e+01	1.437294988377504126e+02
6.498557141887454236e+01	1.422895085613877200e+02
6.265268867980321943e+01	1.390062375854172387e+02
6.173293606325066207e+01	1.331141094583996107e+02
5.884894012617027670e+01	1.305746684437897613e+02
4.920898897879544620e+01	1.279884526676567447e+02
4.909399742693290136e+01	1.248775087270390856e+02
4.485860941789516687e+01	1.226784092210018855e+02
4.303858194153087879e+01	1.200877305079983302e+02
3.475746745550867445e+01	1.171826785729683991e+02
3.473921359723684077e+01	1.150732103554004055e+02
2.974580831848530238e+01	1.125510273405268293e+02
2.964405884037535088e+01	1.095994341854810017e+02
2.930905706749075534e+01	1.080321400394821154e+02
2.445854762865093335e+01	1.037209711565722330e+02
2.086088388145347494e+01	9.957287063569812346e+01
2.098983646440953521e+01	9.760589247162309334e+01
2.118254357503533925e+01	9.454787334942473365e+01
2.026409286238543928e+01	9.247208149711838132e+01
2.026409286238543928e+01	9.050614070631519326e+01
2.010713472882747510e+01	8.621875571496106261e+01
2.010713472882747510e+01	8.518348757757966894e+01
1.959220669421296179e+01	8.270966328838139248e+01
1.966739693749863704e+01	8.047010925824029925e+01
1.942811763305303430e+01	7.849171130406820396e+01
1.925832317454216991e+01	7.394354129185870761e+01
1.893504132317249855e+01	7.157546313254906067e+01
1.914251218109737351e+01	6.849327676645746976e+01
1.906066796884715586e+01	6.543591195465823773e+01
1.906066796884715586e+01	6.321590589462508802e+01
1.895547688109004980e+01	6.038800744409692811e+01
1.801777526341300018e+01	5.889262769806332898e+01
1.802894937057999414e+01	5.471722434849345262e+01
1.810271948503861950e+01	5.382625515143659101e+01
1.802898660356896698e+01	5.127405477240360909e+01
1.806142909369549443e+01	4.930106957750005847e+01
1.805425517354473186e+01	4.746258257887246401e+01
1.805425517354473186e+01	4.580908924966396256e+01
1.800485400000707159e+01	4.440664706786940030e+01
1.798272068351366215e+01	4.315244336839940331e+01
1.780979620955110931e+01	4.197590440934028777e+01
1.785186491007959830e+01	4.057569845114380769e+01
1.786303901724659227e+01	3.851831959004540806e+01
1.708596063722518466e+01	3.664242215713498041e+01
1.718005418746957957e+01	3.587385002812719392e+01
1.686625982944639190e+01	3.470465513447749828e+01
1.673243374727161381e+01	3.344716301369317790e+01
1.668577317658954939e+01	3.255327799484682316e+01
1.665663814764798190e+01	3.224298619877303196e+01
1.593412934312078733e+01	3.154021535674928600e+01
1.533102874465839704e+01	3.078719465413324485e+01
1.304667474682662487e+01	3.047706895475962696e+01
1.304667474682662487e+01	2.992772764234597105e+01
1.310948071463980114e+01	2.944403608947022732e+01
1.256049426115586698e+01	2.885181417621761568e+01
1.068434083675674628e+01	2.790019656618086330e+01
1.117261213337710046e+01	2.736786959931755803e+01
1.093566452880401130e+01	2.670603951390726394e+01
1.096975609081695779e+01	2.663610684799110828e+01
8.276466573572434982e+00	2.635086261447349898e+01
7.824095872311289668e+00	2.622051972678611165e+01
2.356788112587992146e+00	2.580518219847302319e+01
1.894647383383642136e+00	2.567709873039434854e+01
2.371013970572448670e+00	2.544104008631751768e+01
2.759230220506935893e+00	2.547195334417835966e+01
2.482471573428853162e+00	2.525430170247199868e+01
1.566678082868918409e+00	2.520187600261310479e+01
1.401463420601572807e+00	2.510739067923101331e+01
1.126388234790084653e+00	2.489850992882990965e+01
1.126388234790084653e+00	2.474532068592193568e+01
1.135434156477117540e+00	2.460061932619553104e+01
1.135434156477117540e+00	2.454292482815460730e+01
9.438306979046444667e-01	2.439288869127873127e+01
1.475973660536311627e+00	2.433145547045382884e+01
3.206315449417616037e-01	2.423307760998806515e+01
6.171711958483570015e-01	2.418375447049992033e+01
6.712800722355609651e-01	2.409275573255953518e+01
8.806375943787827509e-01	2.397210436172074566e+01
8.806375943787827509e-01	2.383028352142880379e+01
6.464140206117576781e-01	2.378069306353163981e+01
6.464140206117576781e-01	2.376214697845733070e+01
6.464140206117576781e-01	2.353156248986946153e+01
7.589393684281731112e-01	2.349013159417720331e+01
7.589393684281731112e-01	2.347557235273928455e+01
7.854808214488855356e-01	2.338379488143241502e+01
7.854808214488855356e-01	2.330244268981478584e+01
8.266996390966596664e-02	2.315003894521761296e+01
7.998019021191566935e-01	2.334219102681741020e+01
7.998019021191566935e-01	2.312214677635091675e+01
7.998019021191566935e-01	2.308324039920991311e+01
6.741046778939505657e-01	2.284188446562854224e+01
6.779785582764077390e-01	2.285275295810106755e+01
5.878904713314057062e-01	2.275432773174316026e+01
5.210353746329303704e-01	2.265401361487382914e+01
5.210353746329303704e-01	2.258304572750389383e+01
6.155568492904990308e-01	2.248188045569861870e+01
5.765661458626993863e-01	2.232720034405324228e+01
7.711972815957892635e-01	2.217655182137464465e+01
5.789044809059191721e-01	2.208506198734418291e+01
4.536149680576215815e-01	2.203717606102154747e+01
4.657152639914841075e-01	2.192340737849267640e+01
3.461994181485010813e-01	2.189237254312771341e+01
3.461994181485010813e-01	2.183116463578478772e+01
3.555035937326920248e-01	2.168270070539864136e+01
3.586476493522923192e-01	2.153989692867212469e+01
3.586476493522923192e-01	2.144629878486434649e+01
5.316679149189269538e-01	2.129697717188215833e+01
4.163660590157007846e-01	2.126547112431664388e+01
3.407225016592292377e-01	2.111703671108726965e+01
2.106174190494698450e-01	2.102720030287523301e+01
2.106174190494698450e-01	2.090234507327043900e+01
2.728293664497982718e-01	2.092277947265171889e+01
2.704530238086135796e-01	2.081636960398781966e+01
2.340353952699842921e-01	2.063518406985598119e+01
2.242152630516045519e-01	2.043265079337838586e+01
2.256455161935093656e-01	2.036613421305539617e+01
2.200918883718259167e-01	2.032035789778342760e+01
2.200918883718259167e-01	2.029268222726091153e+01
1.618045062896840136e-01	2.027817707292719263e+01
1.289351962408602503e-01	2.004504454849926987e+01
1.210010192140202889e-01	2.002810562216402346e+01
1.210010192140202889e-01	1.995896392681749987e+01
1.390482587394217262e-01	1.981321216792904849e+01
6.744817987618034749e-02	1.973671605370229543e+01
6.566289070050856935e-02	1.967887730778700828e+01
6.566289070050856935e-02	1.934289164874745381e+01
1.197903613287678581e-01	1.931142265086914733e+01
1.094905916517632249e-01	1.932920200096108587e+01
9.262525655958597781e-02	1.933505368429646509e+01
1.219753940168857298e-01	1.929740354795645274e+01
7.676842434545960714e-02	1.925904184632706873e+01
8.728197835856121856e-02	1.914192635934382736e+01
1.140474789608560968e-01	1.908510211233129894e+01
9.897703790076661789e-02	1.903303358653149857e+01
1.039347902068925578e-01	1.899121188101806013e+01
1.132539209990284235e-01	1.894418009762679489e+01
1.132539209990284235e-01	1.883854384822979355e+01
1.227656408033226398e-01	1.876126787931262996e+01
1.227656408033226398e-01	1.875387322767175036e+01
1.013462376644440610e-01	1.859250082200178156e+01
2.579034153745851654e-02	1.859895839751151314e+01
4.482949929291635272e-02	1.857022882436939071e+01
4.562651653628790882e-02	1.850385969894110616e+01
4.938943270838080934e-02	1.847764867742136019e+01
6.962166593419283345e-02	1.842280298173117359e+01
6.962166593419283345e-02	1.839830666251354785e+01
7.040217582289187703e-02	1.840799795940587558e+01
4.423806477487346456e-02	1.829614625784527249e+01
5.018937934767109255e-02	1.819856080689222111e+01
6.129548191523781497e-02	1.818243559107126472e+01
4.800575669435147574e-02	1.803372849783753651e+01
5.217159507517976635e-02	1.799964512239812464e+01
5.217159507517976635e-02	1.796268095086485062e+01
5.177521737124379797e-02	1.796557131343771729e+01
5.217159507517976635e-02	1.790069917198821514e+01
9.044841962105465427e-02	1.785902236415158839e+01
6.962675348148650301e-02	1.783694663831613170e+01
2.678183118086963077e-02	1.782257890092149566e+01
2.678183118086963077e-02	1.766354753170684333e+01
2.678183118086963077e-02	1.766576689054287996e+01
2.658343974223953410e-02	1.765287276381649306e+01
2.817033747928121556e-02	1.758246897106500128e+01
2.678164416462891495e-02	1.748966232526325726e+01
1.844984272628380495e-02	1.749421097638825273e+01
1.844984272628380495e-02	1.748721782813155556e+01
1.428381732921479852e-02	1.745372258674957777e+01
9.522563069339184949e-03	1.744793503257381673e+01
8.729005107511511596e-03	1.742470924960678147e+01
4.184670947674362651e-02	1.741055907118226287e+01
3.510997827777373459e-02	1.728134722801430101e+01
4.681663138876501762e-02	1.726167986717437941e+01
5.911580964817630957e-02	1.725869207828514718e+01
5.237131891283297591e-02	1.717213659200026754e+01
4.681829890390076798e-02	1.714583049882322641e+01
4.384104031856850270e-02	1.716088618198332227e+01
4.741133817330478450e-02	1.710525084625534831e+01
4.602474094207309463e-02	1.708580726073541811e+01
4.602474094207309463e-02	1.706413787607292676e+01
5.772344631839132489e-02	1.701538779906609378e+01
5.772344631839132489e-02	1.699047983339365686e+01
5.852138336149437237e-02	1.696824559001300159e+01
3.451816999924517404e-02	1.695222035742271771e+01
6.010100412402152870e-02	1.692633881160770670e+01
5.771718297467032244e-02	1.692170889013321045e+01
5.771718297467032244e-02	1.688713482460635262e+01
6.029618595800911862e-02	1.685954726124416680e+01
6.089129014165450826e-02	1.685819657257615845e+01
1.269443393982783164e-02	1.686688129876768016e+01
1.269443393982783164e-02	1.686513002025339603e+01
4.979070303750177118e-02	1.686823862421572429e+01
4.899879695165054727e-02	1.682584520872541489e+01
4.324108960079797725e-02	1.684321322829938339e+01
4.998797245264086087e-02	1.683724446682701270e+01
5.137666576726473977e-02	1.685375007976844586e+01
3.134220052541536461e-02	1.685956567078609325e+01
2.499485889606489764e-02	1.687447946434073387e+01
3.154133999203168059e-02	1.687377317978353020e+01
3.154133999203168059e-02	1.679794239987571203e+01
3.154133999203168059e-02	1.681453019017056150e+01
3.154133999203168059e-02	1.680803964779135029e+01
6.286991486135207197e-02	1.681360739993835551e+01
5.792541426583852626e-02	1.680086346713655132e+01
4.701576306393917548e-02	1.674466688466568698e+01
5.197409969306931998e-02	1.672905989196002352e+01
5.197363221711270853e-02	1.672516424703596627e+01
4.542732252158998563e-02	1.666698934373550145e+01
3.669898758883505252e-02	1.669054976235070242e+01
3.669898758883505252e-02	1.671891241337271339e+01
3.193961118302013347e-02	1.669931589586317600e+01
4.522958561204859507e-02	1.672101015301753790e+01
4.522958561204859507e-02	1.671848540457165200e+01
3.808831201794760091e-02	1.671038725860099561e+01
3.808831201794760091e-02	1.666935039243061567e+01
3.570823034414161157e-02	1.666354032049741107e+01
3.431959936904149799e-02	1.666014139497812963e+01
3.273251461575910071e-02	1.665893712430422369e+01
3.273251461575910071e-02	1.667325486160894599e+01
3.273251461575910071e-02	1.657388328851503445e+01
3.412114559088763599e-02	1.657399592322134296e+01
3.412114559088763599e-02	1.658103382601803588e+01
3.412114559088763599e-02	1.657072872963778920e+01
2.360777856443974088e-02	1.656844319392786957e+01
2.360777856443974088e-02	1.656771321706512978e+01
4.344351722076567057e-02	1.656076394070785440e+01
3.868279284290565556e-02	1.657524955392881694e+01
3.392188148566788186e-02	1.658763815240729755e+01
3.392188148566788186e-02	1.658590096778430123e+01
2.301292373775254418e-02	1.656748049498736464e+01
2.360809026097854257e-02	1.659231715401050877e+01
2.261617203089372197e-02	1.657433512336079318e+01
2.301292373778096589e-02	1.662158134240906193e+01
2.836868996959651668e-02	1.660587949178250966e+01
3.154279713658070250e-02	1.660821268445423726e+01
3.154279713658070250e-02	1.659464065184640802e+01
3.154279713658070250e-02	1.657579888312233862e+01
3.094763061338312582e-02	1.657349097429259643e+01
3.074923917475302915e-02	1.656094391881486771e+01
3.074923917475302915e-02	1.657488206546064546e+01
3.074923917475302915e-02	1.655650567120521899e+01
4.205572779102340064e-02	1.657724188555971168e+01
3.233619145620991731e-02	1.657321932127407393e+01
3.233619145620991731e-02	1.658385336065474647e+01
2.420299963202410254e-02	1.657000026994584374e+01
2.797125256321919551e-02	1.657602472763263890e+01
3.035183293880550082e-02	1.658313118367226124e+01
3.451785833587450725e-02	1.660279744371156596e+01
4.146083397913002955e-02	1.658942114506195864e+01
3.888189333534342040e-02	1.659471443693053772e+01
3.908028477397351708e-02	1.658583407127623133e+01
3.908028477397351708e-02	1.662702720086949526e+01
4.919608975552591801e-02	1.663864411962014955e+01
4.879928350055706687e-02	1.666875240368091227e+01
4.879928350055706687e-02	1.664207276865116469e+01
4.086572979548463991e-02	1.665117599169152030e+01
4.007217183365696656e-02	1.663817663300149974e+01
4.007217183365696656e-02	1.659015202801737843e+01
4.007217183365696656e-02	1.665647430313051913e+01
3.828470092219049548e-02	1.667860665651751617e+01
3.193670477480736736e-02	1.667157248770191913e+01
3.530860337605190580e-02	1.667386515677605985e+01
4.582472095503931087e-02	1.664650216088096357e+01
4.463316455661470172e-02	1.664430940282270655e+01
3.748975600305470834e-02	1.665025098175232543e+01
5.356397406586665966e-03	1.661992431687314564e+01
5.356397406586665966e-03	1.662962565640290080e+01
3.451453897642409174e-02	1.660633376005976558e+01
2.975331588575613750e-02	1.660533057421825731e+01
2.975331588575613750e-02	1.660030748427199754e+01
2.420056073546561493e-02	1.662174118910803955e+01
1.071256883381010994e-02	1.661145025108227813e+01
1.071256883381010994e-02	1.659563226457046525e+01
9.919010871982436583e-03	1.662279088878471356e+01
2.697462048612919716e-02	1.662739833937184741e+01
