0.000000000000000000e+00
3.312448215879726376e-02
0.000000000000000000e+00
0.000000000000000000e+00
1.983914386300966726e-04
0.000000000000000000e+00
0.000000000000000000e+00
7.258348281939674962e-02
0.000000000000000000e+00
0.000000000000000000e+00
9.919236851288815160e-03
2.595163329835568788e+01
0.000000000000000000e+00
1.473446538537513675e+02
2.068568307929686512e+01
0.000000000000000000e+00
5.415086571932192783e-02
0.000000000000000000e+00
0.000000000000000000e+00
0.000000000000000000e+00
4.795779314166753693e+01
0.000000000000000000e+00
0.000000000000000000e+00
1.983914386300966726e-04
9.919494004861917347e-04
1.465455819328553844e-01
1.395814713573216181e+01
1.983914386300966726e-04
9.919494004861917347e-04
0.000000000000000000e+00
