5.197367112359074781e-02
1.990768196993093397e+01
1.736908859494872104e+01
1.991232594652728949e+01
1.745960647842363755e+01
6.751114965320823558e-01
1.991027617181350706e+01
1.309533331742045448e-01
2.142176387933432125e-01
1.991359729683551905e+01
7.335787563865778793e-01
5.518985331671615313e-01
1.990657430595825872e+01
2.697462048612919716e-02
1.991135008279744056e+01
6.177590493006732686e-01
6.709080285530717447e-01
6.605331567450889452e-02
4.846303753538165893e-01
1.736056463721365617e+01
4.883385117522607288e-01
1.990751690759987014e+01
1.991252251941736517e+01
1.441488599401470765e+02
4.394762843276964759e-01
1.802617914674422650e+01
1.352552478457766938e-01
5.257283282248295109e-01
1.998312522273516834e+01
9.937982376936707851e+01
