9.962925921227565595e-01
1.549172285175984598e+00
6.142553901707685782e-01
5.459953568496587195e-01
1.645666804220724089e+00
1.549823773182311015e+00
2.213199385697606658e+00
1.577454426521342157e+00
6.801599865549690094e-01
2.796147005711873135e+00
6.291767070586331556e-01
5.042561794648264595e+00
3.189085737942548349e+00
4.454701119208834825e-01
8.192894413917315433e-01
5.176216637788968455e-01
2.777020416075970388e-02
1.410112802061462389e+00
2.247885207965794052e-01
1.651199205568616435e-01
7.091856877489135513e-01
7.324870628613098233e-01
3.101677240190099383e-01
3.233097892965020037e-02
9.693386216343355954e-01
4.213746058442495723e-01
9.626949220300957677e-01
1.291023174465095735e+00
6.815229548248311175e+00
2.565664990153121039e+01
