1.216368647811090256e+02	2.148333515570865302e+02
1.215999879787183175e+02	2.074977539897230656e+02
1.216769300516232875e+02	1.895492948333645415e+02
1.295495977605435769e+02	1.787023205931652114e+02
1.198384390791784142e+02	1.656429725812762399e+02
1.256906988424361629e+02	1.580109405425722855e+02
8.794759927371032404e+01	1.522491522101397834e+02
8.331370679086846565e+01	1.420128205847960032e+02
8.331370679086846565e+01	1.360235758548327851e+02
6.900206971445487625e+01	1.243939633308770141e+02
6.887553355281329459e+01	1.218231307596636128e+02
4.610859853683980702e+01	1.146183192753344571e+02
2.043469919459157325e+01	1.074530542716503589e+02
2.025356920884179601e+01	1.052646041742232796e+02
3.943147779161080280e-01	1.006456234258896671e+02
2.328139497433028282e-01	9.401146627856638816e+01
1.210116863852306324e-02	9.278214368538971257e+01
1.210116863852306324e-02	9.140658184191384805e+01
1.210116863852306324e-02	8.688254928652344233e+01
4.166056567470377558e-03	8.210265672055376740e+01
4.166056567470377558e-03	7.687227381611351973e+01
4.166056567470377558e-03	7.188181449123413813e+01
4.166056567470377558e-03	6.831368046642852221e+01
2.380681678204155105e-03	6.551045204858056081e+01
2.380681678204155105e-03	6.222176824997484346e+01
2.380681678204155105e-03	5.952589151285152980e+01
1.983898800943961760e-03	5.764389887534257184e+01
5.158005967942358438e-03	5.572779547033146486e+01
1.051377219974369837e-02	5.238322002272114730e+01
1.745566482318849921e-02	4.983645294708050955e+01
3.174107166998396679e-03	4.997247603220919387e+01
3.372498605628493351e-03	4.650442518532760516e+01
3.372498605628493351e-03	4.614877075439657972e+01
3.372498605628493351e-03	4.570282015720318469e+01
1.983914386300966726e-04	4.272522013819254028e+01
1.983914386300966726e-04	4.085313422992189203e+01
1.983914386300966726e-04	3.954999461141772343e+01
1.983914386300966726e-04	3.845101730536448059e+01
0.000000000000000000e+00	3.487520843984702879e+01
0.000000000000000000e+00	3.517990473039457555e+01
1.983914386300966726e-04	3.276002873199087162e+01
0.000000000000000000e+00	3.189321578794026024e+01
0.000000000000000000e+00	3.027988936332301506e+01
1.388732277732174225e-03	2.921464112546995295e+01
1.388732277732174225e-03	2.756926364081182967e+01
1.587123716362270898e-03	2.648930058984611335e+01
1.587123716362270898e-03	2.618851692970183009e+01
1.388732277732174225e-03	2.395916986672065363e+01
1.388732277732174225e-03	2.574907071525953839e+01
1.388732277732174225e-03	2.465519128211145272e+01
1.388732277732174225e-03	2.216561331076769648e+01
1.388732277732174225e-03	2.109610925331296727e+01
2.579041946432880650e-03	2.035905809251384824e+01
1.626541749405419068e-02	2.086575008188724212e+01
1.745565703050999673e-02	2.011148633341149505e+01
5.951563929784242646e-03	1.859010393280188822e+01
5.158005967942358438e-03	1.851769094789813863e+01
5.158005967942358438e-03	1.761434217906941413e+01
2.975848201415942640e-03	1.648641776708834428e+01
7.340288414837914388e-03	1.580668947615016151e+01
6.149737181786463225e-03	1.630024676941469863e+01
6.149737181786463225e-03	1.712181236205187673e+01
6.149737181786463225e-03	1.657554692106248595e+01
1.547338672904174928e-02	1.576079234584243949e+01
2.975817031014571512e-03	1.546899965521361864e+01
1.547338672904174928e-02	1.391306713004699169e+01
1.467982876721407592e-02	1.383276510784374658e+01
1.487850072093976905e-02	1.355267308221135991e+01
2.043125587489669215e-02	1.320560160300575880e+01
1.507689215956986573e-02	1.330411860663610568e+01
4.264171607073308223e-02	1.276106872919735125e+01
6.446424401619310629e-02	1.222469442377600934e+01
5.970361313721639362e-02	1.205930953842985254e+01
5.652950597021799695e-02	1.111698431274137100e+01
5.176891392018490023e-02	1.179952554092183625e+01
4.303998692337529519e-02	1.157547893489910074e+01
1.705888194592830587e-02	1.123852955523878272e+01
1.686049050729820920e-02	1.101928064164309262e+01
1.210108292494282978e-02	1.118101895009499813e+01
1.210108292494282978e-02	1.100405908130954913e+01
7.935579618418842074e-04	1.104580942246472119e+01
7.935579618418842074e-04	1.102675782072598487e+01
7.935579618418842074e-04	1.015943076968450143e+01
3.967828772601933451e-04	1.003680222647813736e+01
3.967828772601933451e-04	9.851494391832749997e+00
3.967828772601933451e-04	9.022652347242901882e+00
3.967828772601933451e-04	8.862516068202189956e+00
3.967828772601933451e-04	8.308900308843780280e+00
5.951743158902900177e-04	8.605243110946954488e+00
2.975848201415942640e-03	7.989349252953501512e+00
2.975848201415942640e-03	7.975025868969304987e+00
2.975848201415942640e-03	6.996499243085346542e+00
2.182290239574058432e-03	6.470722435832982455e+00
1.785507362313865087e-03	6.330206976948020703e+00
1.785507362313865087e-03	6.229632991842359857e+00
9.919494004719808800e-04	5.351712677239166993e+00
9.919494004719808800e-04	5.382539274055445411e+00
9.919494004719808800e-04	5.139708434687077165e+00
9.919494004719808800e-04	4.889304608731174895e+00
9.919494004719808800e-04	4.854599443666669956e+00
1.983914386300966726e-04	4.443512674386581374e+00
1.983914386300966726e-04	4.719029274489225934e+00
0.000000000000000000e+00	4.730656255393159704e+00
1.983914386300966726e-04	4.318300648972635436e+00
0.000000000000000000e+00	4.397130927577941328e+00
0.000000000000000000e+00	4.938175269211069640e+00
0.000000000000000000e+00	4.980765344973527853e+00
0.000000000000000000e+00	4.934027665616675939e+00
0.000000000000000000e+00	4.773085823054848298e+00
0.000000000000000000e+00	5.012399653339559613e+00
0.000000000000000000e+00	4.830299358918728636e+00
0.000000000000000000e+00	4.799687721792711415e+00
0.000000000000000000e+00	4.903871901545215017e+00
0.000000000000000000e+00	4.358030728873026227e+00
0.000000000000000000e+00	4.350676325377398790e+00
0.000000000000000000e+00	4.711789328268855215e+00
7.935579618418842074e-04	4.774648752826552212e+00
7.935579618418842074e-04	4.254518566730562057e+00
7.935579618418842074e-04	4.479808123176150403e+00
0.000000000000000000e+00	4.472380296846496961e+00
0.000000000000000000e+00	4.083677702348452954e+00
0.000000000000000000e+00	4.160324774498865175e+00
0.000000000000000000e+00	4.286859797942270234e+00
0.000000000000000000e+00	4.202078105837937727e+00
0.000000000000000000e+00	4.248983757156860719e+00
0.000000000000000000e+00	3.739326381574074265e+00
0.000000000000000000e+00	3.619686977761138902e+00
0.000000000000000000e+00	3.644282550330864900e+00
0.000000000000000000e+00	3.653913109725542618e+00
0.000000000000000000e+00	3.281779101499465945e+00
0.000000000000000000e+00	3.083645316492474642e+00
0.000000000000000000e+00	3.076558629675047563e+00
0.000000000000000000e+00	3.100765538079381045e+00
0.000000000000000000e+00	3.149380329588914673e+00
0.000000000000000000e+00	3.130955160628562606e+00
0.000000000000000000e+00	3.192077878559341553e+00
0.000000000000000000e+00	3.202974139382494645e+00
0.000000000000000000e+00	2.982722921484616929e+00
0.000000000000000000e+00	3.168456290399368047e+00
0.000000000000000000e+00	3.328704185757952683e+00
0.000000000000000000e+00	3.470781813742236821e+00
0.000000000000000000e+00	3.517764000262495472e+00
0.000000000000000000e+00	3.596279186843946540e+00
0.000000000000000000e+00	3.411486745597541059e+00
0.000000000000000000e+00	3.455121390509280577e+00
0.000000000000000000e+00	3.516883712653544602e+00
0.000000000000000000e+00	3.499122889286441662e+00
0.000000000000000000e+00	3.287863353705144043e+00
0.000000000000000000e+00	3.221446140973625472e+00
0.000000000000000000e+00	3.321969380025079133e+00
0.000000000000000000e+00	3.092155425959482340e+00
0.000000000000000000e+00	3.333745895472674192e+00
0.000000000000000000e+00	3.570565314313668193e+00
0.000000000000000000e+00	3.515693297807036100e+00
0.000000000000000000e+00	3.503966542144356211e+00
0.000000000000000000e+00	3.379348539603137969e+00
0.000000000000000000e+00	2.608777484987441664e+00
0.000000000000000000e+00	2.690741748293573821e+00
0.000000000000000000e+00	2.771395106850867762e+00
0.000000000000000000e+00	2.765558605543541049e+00
0.000000000000000000e+00	2.737289611977826276e+00
0.000000000000000000e+00	2.880341574558393347e+00
0.000000000000000000e+00	2.800781514161716057e+00
0.000000000000000000e+00	2.796121206787991920e+00
0.000000000000000000e+00	2.832558057022298126e+00
0.000000000000000000e+00	2.721771446299813935e+00
0.000000000000000000e+00	2.522986138500018072e+00
0.000000000000000000e+00	2.250893007066693041e+00
0.000000000000000000e+00	1.973366113895592466e+00
0.000000000000000000e+00	2.059906299159931287e+00
0.000000000000000000e+00	2.081171629373755216e+00
0.000000000000000000e+00	1.900972699603466376e+00
0.000000000000000000e+00	1.970716473508169475e+00
0.000000000000000000e+00	1.915380449801995733e+00
0.000000000000000000e+00	1.840755701317533077e+00
0.000000000000000000e+00	1.487627715427284558e+00
0.000000000000000000e+00	1.380156102902448279e+00
0.000000000000000000e+00	1.515245120391481182e+00
0.000000000000000000e+00	1.512113308202092776e+00
0.000000000000000000e+00	1.484693922139267874e+00
0.000000000000000000e+00	1.466800604634116212e+00
0.000000000000000000e+00	1.424605896046140741e+00
0.000000000000000000e+00	1.481297920785481947e+00
0.000000000000000000e+00	1.404070352899503327e+00
0.000000000000000000e+00	1.332151562242633647e+00
0.000000000000000000e+00	1.329540099117134444e+00
0.000000000000000000e+00	1.271675249961402576e+00
0.000000000000000000e+00	1.247607541374563311e+00
0.000000000000000000e+00	1.243385527890048969e+00
0.000000000000000000e+00	1.224155665118048297e+00
0.000000000000000000e+00	1.222687598707802303e+00
0.000000000000000000e+00	1.237133009929607841e+00
0.000000000000000000e+00	1.348266541678624142e+00
0.000000000000000000e+00	1.312283418181729555e+00
0.000000000000000000e+00	1.239023302239597113e+00
0.000000000000000000e+00	1.230800584310210777e+00
0.000000000000000000e+00	1.216219214461737863e+00
0.000000000000000000e+00	1.200406634303163855e+00
0.000000000000000000e+00	1.171387375965933675e+00
0.000000000000000000e+00	1.170599789807951208e+00
0.000000000000000000e+00	1.150079607327679776e+00
0.000000000000000000e+00	1.169266567695317338e+00
0.000000000000000000e+00	1.187229458638493496e+00
0.000000000000000000e+00	1.166172405060772244e+00
0.000000000000000000e+00	1.118797960650852019e+00
0.000000000000000000e+00	9.323943879896400277e-01
0.000000000000000000e+00	9.424133334391043837e-01
0.000000000000000000e+00	9.737277644351408634e-01
0.000000000000000000e+00	9.965413068849447997e-01
0.000000000000000000e+00	1.131696703749518473e+00
0.000000000000000000e+00	1.128889678261747465e+00
0.000000000000000000e+00	1.104972080255617106e+00
0.000000000000000000e+00	1.098801716525727556e+00
0.000000000000000000e+00	1.085427820972977075e+00
0.000000000000000000e+00	1.087109767402346439e+00
0.000000000000000000e+00	1.044304539504729235e+00
0.000000000000000000e+00	1.062397358635616795e+00
0.000000000000000000e+00	1.042151047936279440e+00
0.000000000000000000e+00	9.641076266426655828e-01
0.000000000000000000e+00	9.653492642685430614e-01
0.000000000000000000e+00	9.568879579110609601e-01
0.000000000000000000e+00	9.446899626987417253e-01
0.000000000000000000e+00	9.201353031374656100e-01
0.000000000000000000e+00	9.274527718191601933e-01
0.000000000000000000e+00	9.299021985249263933e-01
0.000000000000000000e+00	9.274674079654104952e-01
0.000000000000000000e+00	9.180970341242153943e-01
0.000000000000000000e+00	8.842359284638036110e-01
0.000000000000000000e+00	8.450331626522715744e-01
0.000000000000000000e+00	8.315620078753070965e-01
0.000000000000000000e+00	8.121922698284990139e-01
0.000000000000000000e+00	7.865098505479939384e-01
0.000000000000000000e+00	7.900060553262311380e-01
0.000000000000000000e+00	7.824865123051424343e-01
0.000000000000000000e+00	7.542000791286445072e-01
0.000000000000000000e+00	7.310608228490025340e-01
0.000000000000000000e+00	7.410112851390593391e-01
0.000000000000000000e+00	7.210949087670873725e-01
0.000000000000000000e+00	7.192387962076807195e-01
0.000000000000000000e+00	6.239803240972037202e-01
0.000000000000000000e+00	6.060567746391555266e-01
0.000000000000000000e+00	5.942057380648690934e-01
0.000000000000000000e+00	5.945339077361163627e-01
0.000000000000000000e+00	5.769871549751470763e-01
0.000000000000000000e+00	5.832470422882768402e-01
0.000000000000000000e+00	5.359985700687052157e-01
0.000000000000000000e+00	5.263805123732495650e-01
0.000000000000000000e+00	5.337880930205661789e-01
0.000000000000000000e+00	5.064176273778604465e-01
0.000000000000000000e+00	5.090929101428339765e-01
0.000000000000000000e+00	4.940354064355153008e-01
0.000000000000000000e+00	4.957224777543027816e-01
0.000000000000000000e+00	5.007837219462251133e-01
0.000000000000000000e+00	5.044124339039076643e-01
0.000000000000000000e+00	4.973386520905928587e-01
0.000000000000000000e+00	4.787113112764733724e-01
0.000000000000000000e+00	4.885454474124832358e-01
0.000000000000000000e+00	4.777626120892805028e-01
0.000000000000000000e+00	4.901384261627441674e-01
0.000000000000000000e+00	4.826824619829812035e-01
0.000000000000000000e+00	4.931902259339840389e-01
0.000000000000000000e+00	4.941834313401571310e-01
0.000000000000000000e+00	4.866456064297868811e-01
0.000000000000000000e+00	4.733261402321133349e-01
0.000000000000000000e+00	4.714565235243384222e-01
0.000000000000000000e+00	4.751721211808259682e-01
0.000000000000000000e+00	4.673530749135783591e-01
0.000000000000000000e+00	4.618403701287969176e-01
0.000000000000000000e+00	4.587014907397488628e-01
0.000000000000000000e+00	4.671844956211870792e-01
0.000000000000000000e+00	4.587379510730793530e-01
0.000000000000000000e+00	4.618337722923082089e-01
0.000000000000000000e+00	4.573955813767502376e-01
0.000000000000000000e+00	4.551950714537194020e-01
0.000000000000000000e+00	4.676388146537983626e-01
0.000000000000000000e+00	4.692299409485158890e-01
0.000000000000000000e+00	4.709013047090654935e-01
0.000000000000000000e+00	4.645752161663674884e-01
0.000000000000000000e+00	4.616276607877116134e-01
0.000000000000000000e+00	4.726445304521220692e-01
0.000000000000000000e+00	4.819107342581659958e-01
0.000000000000000000e+00	4.883963153978096439e-01
0.000000000000000000e+00	4.981204483807497585e-01
0.000000000000000000e+00	4.911419663887940379e-01
0.000000000000000000e+00	5.059727612081227344e-01
0.000000000000000000e+00	4.979188720140707569e-01
0.000000000000000000e+00	4.962170382054874040e-01
0.000000000000000000e+00	4.936881144853804693e-01
0.000000000000000000e+00	4.812347937439805379e-01
0.000000000000000000e+00	4.887815438290592507e-01
0.000000000000000000e+00	4.831539107572027092e-01
0.000000000000000000e+00	4.853975064950787899e-01
0.000000000000000000e+00	5.045588555128209807e-01
0.000000000000000000e+00	4.957182528173831315e-01
0.000000000000000000e+00	4.816066187359647754e-01
0.000000000000000000e+00	4.963025748476709853e-01
0.000000000000000000e+00	4.842422721726350465e-01
0.000000000000000000e+00	4.878959886267788537e-01
0.000000000000000000e+00	5.064481601091552765e-01
0.000000000000000000e+00	5.001480765695447417e-01
0.000000000000000000e+00	4.930301847593090425e-01
0.000000000000000000e+00	4.836586263556251764e-01
0.000000000000000000e+00	4.866473075723978803e-01
0.000000000000000000e+00	4.723061249044633314e-01
0.000000000000000000e+00	4.907252128289945059e-01
0.000000000000000000e+00	4.955329780372901838e-01
0.000000000000000000e+00	4.817908324764095251e-01
0.000000000000000000e+00	4.992223606024239757e-01
0.000000000000000000e+00	5.115394847541636647e-01
0.000000000000000000e+00	5.304078543457355632e-01
0.000000000000000000e+00	5.106154209185892467e-01
0.000000000000000000e+00	5.132222111841059364e-01
0.000000000000000000e+00	5.037694721692366207e-01
0.000000000000000000e+00	5.109330560617844075e-01
0.000000000000000000e+00	5.075525733763446290e-01
0.000000000000000000e+00	5.001412878345017354e-01
0.000000000000000000e+00	4.915973713880461560e-01
0.000000000000000000e+00	4.941531681174647361e-01
0.000000000000000000e+00	5.016874512832046884e-01
0.000000000000000000e+00	5.003865602345892727e-01
0.000000000000000000e+00	4.924862616428294926e-01
0.000000000000000000e+00	4.900256981834450465e-01
0.000000000000000000e+00	4.674344517488582817e-01
0.000000000000000000e+00	4.647000729880199632e-01
0.000000000000000000e+00	4.638297289206131380e-01
0.000000000000000000e+00	4.619985466813777975e-01
0.000000000000000000e+00	4.706602161075120194e-01
0.000000000000000000e+00	4.589239374704045527e-01
0.000000000000000000e+00	4.699947566908908581e-01
0.000000000000000000e+00	4.587500389061773265e-01
0.000000000000000000e+00	4.492292088433529895e-01
0.000000000000000000e+00	4.709006257113907967e-01
0.000000000000000000e+00	4.579626031673138531e-01
0.000000000000000000e+00	4.580673641541210261e-01
0.000000000000000000e+00	4.699924996362696561e-01
0.000000000000000000e+00	4.570812672008344180e-01
0.000000000000000000e+00	4.534338525533551656e-01
0.000000000000000000e+00	4.550966733382949547e-01
0.000000000000000000e+00	4.610099247155564628e-01
0.000000000000000000e+00	4.654324879917524638e-01
0.000000000000000000e+00	4.988909000915597858e-01
0.000000000000000000e+00	5.025968911749164603e-01
0.000000000000000000e+00	5.600891002602499391e-01
0.000000000000000000e+00	5.553881601552300706e-01
0.000000000000000000e+00	5.510402824164103430e-01
0.000000000000000000e+00	5.365776105197511692e-01
0.000000000000000000e+00	5.439822386167108004e-01
0.000000000000000000e+00	5.309493796573760971e-01
0.000000000000000000e+00	4.899015334142878264e-01
0.000000000000000000e+00	4.933823372189915513e-01
0.000000000000000000e+00	4.787294984119156993e-01
0.000000000000000000e+00	4.821032699692684442e-01
0.000000000000000000e+00	4.742432525909393570e-01
0.000000000000000000e+00	4.755093678690338610e-01
0.000000000000000000e+00	4.794289780871195950e-01
0.000000000000000000e+00	4.884229095287381250e-01
0.000000000000000000e+00	4.890399912534396099e-01
0.000000000000000000e+00	5.028205429212472266e-01
0.000000000000000000e+00	5.017078514331179129e-01
0.000000000000000000e+00	5.042089251997343702e-01
0.000000000000000000e+00	5.053176312640962342e-01
0.000000000000000000e+00	4.887858402362676435e-01
0.000000000000000000e+00	4.804749630959449513e-01
0.000000000000000000e+00	4.721276266015915213e-01
0.000000000000000000e+00	4.721012131270166945e-01
0.000000000000000000e+00	4.914023679609826334e-01
0.000000000000000000e+00	4.977963669988819673e-01
0.000000000000000000e+00	4.859329854449034314e-01
0.000000000000000000e+00	5.007918533688723306e-01
0.000000000000000000e+00	4.764451047519173699e-01
0.000000000000000000e+00	4.997005062118958785e-01
0.000000000000000000e+00	4.889282623360543534e-01
0.000000000000000000e+00	4.855381723573410913e-01
0.000000000000000000e+00	4.845453007259427070e-01
0.000000000000000000e+00	4.842725362279409751e-01
0.000000000000000000e+00	4.676420317120488224e-01
0.000000000000000000e+00	4.747464062871007973e-01
0.000000000000000000e+00	4.656585667914048821e-01
0.000000000000000000e+00	4.629499833608420323e-01
0.000000000000000000e+00	4.563854634716060787e-01
0.000000000000000000e+00	4.620232282392152112e-01
0.000000000000000000e+00	4.765824460226771864e-01
0.000000000000000000e+00	4.781286125021400601e-01
0.000000000000000000e+00	4.770677599153936854e-01
0.000000000000000000e+00	4.660369498886690054e-01
0.000000000000000000e+00	4.686185153067242704e-01
0.000000000000000000e+00	4.547612821811023998e-01
0.000000000000000000e+00	4.577019448409136992e-01
0.000000000000000000e+00	4.577616679179736248e-01
0.000000000000000000e+00	4.587846117830143844e-01
0.000000000000000000e+00	4.482130992658975854e-01
0.000000000000000000e+00	4.508674434819056609e-01
0.000000000000000000e+00	4.462422671159553267e-01
0.000000000000000000e+00	4.576957957839454250e-01
0.000000000000000000e+00	4.707505054514447007e-01
0.000000000000000000e+00	4.728844517512916235e-01
0.000000000000000000e+00	4.729256573610233771e-01
0.000000000000000000e+00	4.750894136426618841e-01
0.000000000000000000e+00	4.653669140902953472e-01
0.000000000000000000e+00	4.703848570719543210e-01
0.000000000000000000e+00	4.862348056105053051e-01
0.000000000000000000e+00	4.882123116260780882e-01
0.000000000000000000e+00	4.728899642010740423e-01
0.000000000000000000e+00	4.726751865626880322e-01
0.000000000000000000e+00	4.739912555740838918e-01
0.000000000000000000e+00	4.636134260396431728e-01
0.000000000000000000e+00	4.810246787481754493e-01
0.000000000000000000e+00	4.806133599639887399e-01
0.000000000000000000e+00	4.977963094944821143e-01
0.000000000000000000e+00	4.911907972535843325e-01
0.000000000000000000e+00	5.144035585852013703e-01
0.000000000000000000e+00	5.009750151883826108e-01
0.000000000000000000e+00	5.175770507579671165e-01
0.000000000000000000e+00	4.935883475646235530e-01
0.000000000000000000e+00	5.046180372239958967e-01
0.000000000000000000e+00	5.065515330222429835e-01
0.000000000000000000e+00	4.982063956433867014e-01
0.000000000000000000e+00	4.779947852208555337e-01
0.000000000000000000e+00	4.770191618048234550e-01
0.000000000000000000e+00	4.868113153098591050e-01
0.000000000000000000e+00	4.879025242650778527e-01
0.000000000000000000e+00	4.748497315804485197e-01
0.000000000000000000e+00	4.797927141227494308e-01
0.000000000000000000e+00	4.838134604655574544e-01
0.000000000000000000e+00	4.608394166343766640e-01
0.000000000000000000e+00	4.654301175760878206e-01
0.000000000000000000e+00	4.643406094491913105e-01
0.000000000000000000e+00	4.541199466113132188e-01
0.000000000000000000e+00	4.592433713962113528e-01
0.000000000000000000e+00	4.674649843916521830e-01
0.000000000000000000e+00	4.519693067064954328e-01
0.000000000000000000e+00	4.510065496991108036e-01
0.000000000000000000e+00	4.568546589255902401e-01
0.000000000000000000e+00	4.552069282615666679e-01
0.000000000000000000e+00	4.655590492167874794e-01
0.000000000000000000e+00	4.613696620264453596e-01
0.000000000000000000e+00	4.704793214067838902e-01
0.000000000000000000e+00	4.861754426315622601e-01
0.000000000000000000e+00	4.814989540578594185e-01
0.000000000000000000e+00	4.989108402353674143e-01
0.000000000000000000e+00	4.952766126344186892e-01
0.000000000000000000e+00	4.951973974316657978e-01
0.000000000000000000e+00	5.016422222008586340e-01
0.000000000000000000e+00	4.836641531627890456e-01
0.000000000000000000e+00	5.154014657161113400e-01
0.000000000000000000e+00	5.245965637881814247e-01
0.000000000000000000e+00	5.109804884604258746e-01
0.000000000000000000e+00	5.107683761953026869e-01
0.000000000000000000e+00	5.126107231393542962e-01
0.000000000000000000e+00	5.192134696582972886e-01
0.000000000000000000e+00	5.190602439024313286e-01
0.000000000000000000e+00	5.172121077604013850e-01
0.000000000000000000e+00	5.172124530065228543e-01
0.000000000000000000e+00	5.062538375993066442e-01
0.000000000000000000e+00	5.192395312706789001e-01
0.000000000000000000e+00	5.105420403490706915e-01
0.000000000000000000e+00	5.240637628632692779e-01
0.000000000000000000e+00	4.921806379109232576e-01
0.000000000000000000e+00	4.883213416012902597e-01
0.000000000000000000e+00	4.874570798430857277e-01
0.000000000000000000e+00	4.962469209490019129e-01
0.000000000000000000e+00	4.603070564462602987e-01
0.000000000000000000e+00	4.684039389632829176e-01
0.000000000000000000e+00	4.754765921765894410e-01
0.000000000000000000e+00	4.874456454770187408e-01
0.000000000000000000e+00	4.919494770406004358e-01
0.000000000000000000e+00	4.870166063829804437e-01
0.000000000000000000e+00	4.907823689368441822e-01
0.000000000000000000e+00	4.891635354166917748e-01
0.000000000000000000e+00	4.856494292689191861e-01
0.000000000000000000e+00	5.015200834411104314e-01
0.000000000000000000e+00	5.017709230215440241e-01
0.000000000000000000e+00	4.838418610830975131e-01
0.000000000000000000e+00	4.800795500487022305e-01
0.000000000000000000e+00	4.630719076650388621e-01
0.000000000000000000e+00	4.631121552256450280e-01
0.000000000000000000e+00	4.685370641322866847e-01
0.000000000000000000e+00	4.868427724857127825e-01
0.000000000000000000e+00	4.818462243280284274e-01
0.000000000000000000e+00	4.814379068704079945e-01
0.000000000000000000e+00	4.714830803834085260e-01
0.000000000000000000e+00	4.686253094900422189e-01
0.000000000000000000e+00	4.686710141168840549e-01
0.000000000000000000e+00	4.620646668446160565e-01
0.000000000000000000e+00	4.580049797145458457e-01
0.000000000000000000e+00	4.445608070266658385e-01
0.000000000000000000e+00	4.513609393367573608e-01
0.000000000000000000e+00	4.484468696113694253e-01
0.000000000000000000e+00	4.467780387946964082e-01
0.000000000000000000e+00	4.383951136500196522e-01
0.000000000000000000e+00	4.365133574121183302e-01
0.000000000000000000e+00	4.488739330920684667e-01
0.000000000000000000e+00	4.472680186387506529e-01
0.000000000000000000e+00	4.523561821867313482e-01
0.000000000000000000e+00	4.449100080369011723e-01
0.000000000000000000e+00	4.427826239812323594e-01
0.000000000000000000e+00	4.411081557457980917e-01
0.000000000000000000e+00	4.473433896075173499e-01
0.000000000000000000e+00	4.405226338853632795e-01
0.000000000000000000e+00	4.360853108212831564e-01
0.000000000000000000e+00	4.405218086434653513e-01
