7.536915838838353920e-02
1.785507362313865087e-03
5.573938403399836261e-02
7.219464647990037065e-02
8.291566806045125304e-02
1.447549720165142162e-01
1.512968132394405529e-01
7.080498687683700609e-02
1.686227484522362374e-02
6.742719113094608474e-02
3.213607793065875740e-02
6.109508787456263690e-02
8.922844721273293089e-02
1.177804759166889426e-01
2.135217490265830520e-01
1.334457445830423694e-01
8.530566913137249685e-03
6.585665374240079473e-02
9.791782859434761122e-02
1.650318831247972184e-01
7.101225987896953029e-02
1.194100052199395634e+01
6.485255911775311688e-02
3.813153937531978954e-01
2.340841308651420150e-02
1.194095013486145263e+01
1.194128097008889711e+01
9.696398280363979438e+00
9.621330316095566104e+00
1.194215717996644344e+01
