1.111289296198014114e+02
7.935579618418842074e-04
1.111289296198014114e+02
1.111289296198014114e+02
1.111289296198014114e+02
8.277792000257345251e+01
9.621330316095566104e+00
0.000000000000000000e+00
1.785507362313865087e-03
2.777425592384474839e-03
1.111258235172338544e+02
9.919416078560061578e-03
5.951743158902900177e-04
1.111258235172338544e+02
1.194024026511787895e+01
1.111289296198014114e+02
1.111258235172338544e+02
2.579034153754378167e-03
3.967828772601933451e-04
9.646231532914455897e+00
0.000000000000000000e+00
1.111258235172338544e+02
0.000000000000000000e+00
1.111258235172338544e+02
0.000000000000000000e+00
1.111289296198014114e+02
1.111265837741099176e+02
1.091064858695744988e-02
1.111289296198014114e+02
1.791591497926219745e+01
