0.000000000000000000e+00
1.880980613492084785e-01
0.000000000000000000e+00
3.769374992856455719e-03
0.000000000000000000e+00
1.410075085547646268e-01
1.194696502835296315e+01
0.000000000000000000e+00
0.000000000000000000e+00
1.605886435401231438e-01
1.461063173557590744e-01
1.805232737282835842e-02
0.000000000000000000e+00
0.000000000000000000e+00
0.000000000000000000e+00
0.000000000000000000e+00
0.000000000000000000e+00
1.507306820733163022e-01
0.000000000000000000e+00
0.000000000000000000e+00
4.535914120071424804e-01
4.959396342684385672e-03
0.000000000000000000e+00
1.785507362313865087e-03
0.000000000000000000e+00
0.000000000000000000e+00
0.000000000000000000e+00
0.000000000000000000e+00
0.000000000000000000e+00
0.000000000000000000e+00
