0.000000000000000000e+00
7.239347416873442853e-02
1.194133152862644920e+01
1.229974709337966488e-02
0.000000000000000000e+00
2.182290239574058432e-03
7.752184104791126629e-02
2.419725723335375278e-02
7.141772295838677564e-03
0.000000000000000000e+00
9.919494004719808800e-04
0.000000000000000000e+00
0.000000000000000000e+00
2.439882749376920401e-02
0.000000000000000000e+00
1.983914386300966726e-04
1.983914386300966726e-04
0.000000000000000000e+00
1.983914386300966726e-04
3.174208469644668185e-03
0.000000000000000000e+00
9.919494004719808800e-04
0.000000000000000000e+00
8.942334034767895901e-02
0.000000000000000000e+00
1.071275585006503661e-02
9.919494004719808800e-04
0.000000000000000000e+00
0.000000000000000000e+00
0.000000000000000000e+00
