4.939148127476755690e-02
5.158076100187258817e-03
1.467999240941253447e-02
2.107969982388996755e+01
3.054834650001225782e-02
1.194184174160679390e+01
1.194005838786645768e+01
1.193951275611216545e+01
1.193987651061500799e+01
1.194197557539686727e+01
8.666668157907508885e-02
1.718796559317468109e-01
1.765545878197372076e-02
4.127908386949768271e+01
9.679255050893686985e-02
1.193972746693648901e+01
3.689373247129879019e-02
7.100936149846859280e-02
1.194009122143933155e+01
1.193969463336358672e+01
1.193969463336358672e+01
1.193951275611216545e+01
1.403640457768204897e-01
1.193987651061500799e+01
1.990697873106626048e-01
4.780016613690918348e-02
2.443819031091720717e-01
1.194027301298824284e+01
2.320858795731339796e-02
2.638349767460113071e-02
