7.032452835565479177e+00
6.227569206656625056e+00
6.970927979533897201e+00
1.120235644906314576e+01
1.437590193334473554e+01
6.031281234087671805e+00
4.843139967743596230e+00
7.779042913966918604e+00
1.249666122375657551e+00
8.128978583989464823e+00
8.869231254299194234e+00
7.219422500431718959e+00
7.936698559585806834e+00
8.970416212278237822e+00
6.967821876966340255e+00
5.583392638053325641e+00
9.959037474086102293e+00
8.967058977354398053e+00
4.237650413971266516e+00
6.230675309224182001e+00
5.036321837745006746e+00
1.112317508072021610e+01
5.975968583191232142e+00
3.982943687938288235e+00
1.096033500496358215e+01
1.063865618499778520e+01
8.676049384297797928e+00
9.854490948836897246e+00
5.013345226589351000e+00
3.956860974215089755e+00
