-6.138987067706610105e+03
-6.259724053683542479e+03
-6.284547810582354032e+03
-6.270439224422301777e+03
-6.175407985509332320e+03
-6.283861505807537469e+03
-6.190903537749534735e+03
-6.144490371267126648e+03
-6.169028618362370253e+03
-6.231489290196297588e+03
-6.282054394108810811e+03
-6.257711852234568141e+03
-6.282861712144967896e+03
-6.261645860830985839e+03
-6.283526048944242575e+03
-6.180727655612428862e+03
-6.236528780387002371e+03
-6.146332629458068368e+03
-6.258073378702836635e+03
-6.284419405999079572e+03
-6.227238897117358647e+03
-6.133332315890292193e+03
-6.263918915822020608e+03
-6.281678754964070322e+03
-6.284399143017693859e+03
-6.274846454917945266e+03
-6.284490760289912942e+03
-6.183501267104114959e+03
-6.284721171045940537e+03
-6.238855700610072745e+03
