-6.283122357955686311e+03
-6.261151309858900277e+03
-6.233155478480661259e+03
-6.251365689838161416e+03
-6.282277647175807033e+03
-6.282302959955976803e+03
-5.846627797034681862e+03
-6.265598374677623724e+03
-6.284743268699285181e+03
-6.258934381610375567e+03
-6.283120039554248251e+03
-6.245790753096369372e+03
-6.284419891399523294e+03
-6.284743174832486147e+03
-6.265575103109620613e+03
-6.280846902527720886e+03
-6.198537579477627332e+03
-6.217524371358653298e+03
-6.282263060221200249e+03
-6.265580740791723656e+03
-6.251353006014587663e+03
-6.258947427651611179e+03
-6.258958576582257592e+03
-6.284424264284987657e+03
-6.251317061395438941e+03
-6.284743128215362049e+03
-6.282308402435226526e+03
-6.284743289155792809e+03
-6.251257672140329305e+03
-4.499626211222445818e+03
