-6.256173054049837447e+03
-6.258925033447153510e+03
-6.251332877645249027e+03
-2.789169555066049725e+03
-3.760926706408817154e+03
-2.278085773722491922e+03
-6.265600795374560221e+03
-3.687243806086451514e+03
-3.451287800416670962e+03
-6.121455860961657891e+03
-5.881606414746611335e+03
-6.284741457096851263e+03
-3.193031245590880644e+03
-6.178165147542901650e+03
-6.251302219264453015e+03
-2.604683540119427107e+03
-6.265636025545275515e+03
-2.601396154538152587e+03
-5.279634983349075810e+03
-6.265639237517184483e+03
-4.504134345191412649e+03
-3.348680288864432441e+03
-6.279014722834755048e+03
-6.236960254232789339e+03
-6.170979128930361185e+03
-5.303204993227995146e+03
-6.284743157422927652e+03
-2.508140502833415667e+03
-6.186615140000548308e+03
-6.121300267151861590e+03
