-5.856177186741871083e+03
-6.166118048813701535e+03
-6.210487025776992596e+03
-6.277301497571880645e+03
-6.120673498398519769e+03
-6.178623321226788903e+03
-4.696257155546650210e+03
-6.091381025307776326e+03
-6.190345550834171263e+03
-6.158980882481760091e+03
-4.154536953280089620e+03
-6.280762687897114120e+03
-4.825386207230551008e+03
-5.537035099894549603e+03
-4.954236286302752887e+03
-6.278954790191252869e+03
-6.041254512288001024e+03
-6.190031577621919496e+03
-6.281145174682137622e+03
-6.069281547664100799e+03
-5.291941704442451737e+03
-6.179703881914221711e+03
-6.115440021348851587e+03
-4.662764430015568905e+03
-6.277051214557028288e+03
-5.983961331634374801e+03
-6.284697979353619303e+03
-6.280521570190155217e+03
-3.879994956528933017e+03
-5.989838150910416516e+03
