-6.254431818107062099e+03
-6.284743137955310885e+03
-6.282286309632163466e+03
-6.284743255444454007e+03
-6.284743183365602818e+03
-6.277821479750689832e+03
-6.284743114319459892e+03
-6.284743188311015729e+03
-6.284743111842761209e+03
-6.282320154191745132e+03
-6.282307557722037927e+03
-6.283102011293285614e+03
-6.284720578793994719e+03
-6.185634572398846103e+03
-6.284743125366723689e+03
-6.284005889613817999e+03
-6.182239182070632523e+03
-6.284414767145494807e+03
-6.284720270054232969e+03
-6.236413554084959287e+03
-6.284743153115941823e+03
-6.282283294555791144e+03
-6.284742987703018116e+03
-6.284743219707389471e+03
-6.265529860793742046e+03
-6.282197375092746370e+03
-6.282299808675532404e+03
-6.284421917604324335e+03
-6.284718692098951578e+03
-6.284561703988673798e+03
