-5.288721230528338310e+03
-5.178817970902350680e+03
-5.066536270010720727e+03
-5.230545748554673992e+03
-5.343045768170487463e+03
-4.810038379658799386e+03
-4.783251709748453322e+03
-4.115707323526861728e+03
-4.841745054026047910e+03
-4.431932685619383847e+03
-4.858588048725639055e+03
-5.687825874132911849e+03
-5.397685146061692649e+03
-4.698089487413699317e+03
-4.876005796726711196e+03
-5.725844857502715058e+03
-5.325367775107029047e+03
-5.189764606490251026e+03
-4.793775191755252308e+03
-4.946989079539818704e+03
-4.428159437032833921e+03
-5.099758523682778105e+03
-5.046868633774535738e+03
-4.667430446309324907e+03
-4.645004204525098430e+03
-4.632365128939942224e+03
-4.294648781079733453e+03
-4.490023914937548398e+03
-5.229460551185296026e+03
-5.166395970799876523e+03
