-1.754278353411746139e+03	-1.754278353411747275e+03
-2.590028286880915857e+03	-1.961305897914261323e+03
-2.850197289739696316e+03	-2.125565584264442350e+03
-3.093782673557131147e+03	-2.328788578709015837e+03
-3.157578314235348898e+03	-2.431800781199818175e+03
-3.158101950716120882e+03	-2.538810031700420950e+03
-3.544641370989348616e+03	-2.720205689182266724e+03
-3.763044788132339818e+03	-2.840514864576066884e+03
-3.787942930951656308e+03	-2.963916705961823482e+03
-3.827415486136322670e+03	-3.113378337830760756e+03
-3.892071544254787113e+03	-3.217275318214528852e+03
-3.931174592352413129e+03	-3.317323202114514515e+03
-4.024699738003032053e+03	-3.418207987221569965e+03
-4.093243459168688332e+03	-3.482901599939404150e+03
-4.412926497592739906e+03	-3.583178197661253762e+03
-4.413662095174524438e+03	-3.649542787370600308e+03
-4.416190979099304059e+03	-3.693322906111303382e+03
-4.431171231916113356e+03	-3.756933248293795714e+03
-4.454415493989678907e+03	-3.802315178829362139e+03
-4.461832404423097614e+03	-3.834137895978292818e+03
-4.475136000489034814e+03	-3.873307654405957237e+03
-4.619275356462924719e+03	-3.905538892062367267e+03
-4.619275356462924719e+03	-3.923857558110424179e+03
-4.619725765707667051e+03	-3.963825042285787276e+03
-4.632791248189651924e+03	-3.983900489136489341e+03
-4.634715590689468627e+03	-3.994917280011121875e+03
-4.852041290086489425e+03	-4.011592474531349126e+03
-4.853431793703189214e+03	-4.025397750421348064e+03
-4.934480244818447318e+03	-4.041139125979721030e+03
-4.934480244818447318e+03	-4.048536739881596986e+03
-4.949791112309840173e+03	-4.055669622069965044e+03
-4.968876792968327209e+03	-4.057475331538143564e+03
-5.008251511594255135e+03	-4.066150692749592963e+03
-5.041637678210416198e+03	-4.067918359304033856e+03
-5.059426408688201263e+03	-4.071984117186160802e+03
-5.060084219623246099e+03	-4.074086027918264790e+03
-5.063477393172368465e+03	-4.075002500096865788e+03
-5.067132310741359106e+03	-4.075400604950326397e+03
-5.068798566895430668e+03	-4.075759682871781479e+03
-5.069656674987817496e+03	-4.076285904994861085e+03
-5.070825679931652303e+03	-4.076615433439415028e+03
-5.070825679931652303e+03	-4.076885556398689459e+03
-5.073513183325432692e+03	-4.077135595411381018e+03
-5.073513183325432692e+03	-4.077360790282305970e+03
-5.074534144713748901e+03	-4.077559668025794508e+03
-5.074649308002846738e+03	-4.077722728541901233e+03
-5.075322518726363342e+03	-4.077880686033194706e+03
-5.076709970664564025e+03	-4.078025645684018400e+03
-5.076709970664564025e+03	-4.078093087475328957e+03
-5.076716637955357328e+03	-4.078155754663446260e+03
-5.077308533770391477e+03	-4.078276981596783116e+03
-5.077442532755905631e+03	-4.078324869476936328e+03
-5.077662141821993828e+03	-4.078391441560634576e+03
-5.077809912203874774e+03	-4.078458913514354208e+03
-5.077823573285832026e+03	-4.078511088789440237e+03
-5.078036744195914252e+03	-4.078552039736356619e+03
-5.078076530676386938e+03	-4.078600899943544846e+03
-5.078231310723486786e+03	-4.078660963640529644e+03
-5.078291244774283768e+03	-4.078700511197196192e+03
-5.078291244774283768e+03	-4.078731456293931387e+03
-5.078422106624197113e+03	-4.078764092998795149e+03
-5.078422106624197113e+03	-4.078785285650817968e+03
-5.078447962861880114e+03	-4.078819214452437791e+03
-5.078541567977728846e+03	-4.078847241332933208e+03
-5.078541567977728846e+03	-4.078866013202693921e+03
-5.078563133672590084e+03	-4.078884640237090480e+03
-5.078594799887327099e+03	-4.078901607144619447e+03
-5.078634908901740346e+03	-4.078915797388811370e+03
-5.078634908901740346e+03	-4.078931151501898512e+03
-5.078634908901740346e+03	-4.078943233031889122e+03
-5.078721367412239488e+03	-4.078949439195208925e+03
-5.078721367412239488e+03	-4.078975890292290387e+03
-5.078724400845289892e+03	-4.078994932088413861e+03
-5.078803258639902197e+03	-4.079051671288917078e+03
-5.078806315395784623e+03	-4.079064183326248894e+03
-5.078818123828396892e+03	-4.079074323306333554e+03
-5.078818123828396892e+03	-4.079079504763886234e+03
-5.078818123828396892e+03	-4.079088158337433924e+03
-5.078818123828396892e+03	-4.079106182227906174e+03
-5.078818123828396892e+03	-4.079110660141869630e+03
-5.078818123828396892e+03	-4.079138389399167409e+03
-5.078818123828396892e+03	-4.079142381031851983e+03
-5.078831344443365197e+03	-4.079157702988153687e+03
-5.078870316211098725e+03	-4.079166478782846298e+03
-5.078870316211098725e+03	-4.079172736678290221e+03
-5.078931036987142761e+03	-4.079182964062439169e+03
-5.078931036987142761e+03	-4.079187135010155998e+03
-5.078931036987142761e+03	-4.079215325791722989e+03
-5.078931036987142761e+03	-4.079218050974616290e+03
-5.078931036987142761e+03	-4.079219682001197270e+03
-5.078931036987142761e+03	-4.079225215474301876e+03
-5.078931036987142761e+03	-4.079231652617786494e+03
-5.078931036987142761e+03	-4.079233822413584221e+03
-5.078931036987142761e+03	-4.079235550358782348e+03
-5.078963867321353973e+03	-4.079240254924098736e+03
-5.078963867321353973e+03	-4.079244548223609399e+03
-5.078963867321353973e+03	-4.079258347401389528e+03
-5.078963867321353973e+03	-4.079266405144102009e+03
-5.078963867321353973e+03	-4.079269164111308328e+03
-5.078963867321353973e+03	-4.079279803302083565e+03
-5.078963867321353973e+03	-4.079280924705294638e+03
-5.078963867321353973e+03	-4.079281505822673807e+03
-5.078963867321353973e+03	-4.079283158306246605e+03
-5.078963867321353973e+03	-4.079286354878365273e+03
-5.078963867321353973e+03	-4.079292943315324919e+03
-5.078982643573734094e+03	-4.079297751718202107e+03
-5.078987085203907554e+03	-4.079299857616185363e+03
-5.078987085203907554e+03	-4.079301183011268222e+03
-5.078987085203907554e+03	-4.079303682982825649e+03
-5.078987085203907554e+03	-4.079309610823159801e+03
-5.078987085203907554e+03	-4.079310560858910321e+03
-5.078987085203907554e+03	-4.079318052055844873e+03
-5.078987085203907554e+03	-4.079325696717299707e+03
-5.078987085203907554e+03	-4.079328330328067295e+03
-5.078987085203907554e+03	-4.079331108637908528e+03
-5.078987085203907554e+03	-4.079331251989254270e+03
-5.078987085203907554e+03	-4.079332466476321315e+03
-5.078988543031293375e+03	-4.079333552888725535e+03
-5.078988543031293375e+03	-4.079337669798180741e+03
-5.078991197262834248e+03	-4.079341133353155783e+03
-5.078998619426129153e+03	-4.079342897423552586e+03
-5.078998619426129153e+03	-4.079346031017376390e+03
-5.078998619426129153e+03	-4.079346503801932613e+03
-5.078998619426129153e+03	-4.079358811892886933e+03
-5.078998619426129153e+03	-4.079359659461500087e+03
-5.078998619426129153e+03	-4.079360398545644330e+03
-5.078998619426129153e+03	-4.079362575195923455e+03
-5.078998619426129153e+03	-4.079364030054962313e+03
-5.078998619426129153e+03	-4.079368042442394653e+03
-5.078998619426129153e+03	-4.079373507817877908e+03
-5.078998619426129153e+03	-4.079375099705810953e+03
-5.079004779148795933e+03	-4.079378191090782821e+03
-5.079004779148795933e+03	-4.079378869404835768e+03
-5.079004779148795933e+03	-4.079379659864690439e+03
-5.079004779148795933e+03	-4.079381976063359161e+03
-5.079004779148795933e+03	-4.079383098275387965e+03
-5.079004779148795933e+03	-4.079384529382649362e+03
-5.079004779148795933e+03	-4.079387610595842943e+03
-5.079004779148795933e+03	-4.079388498304742370e+03
-5.079004779148795933e+03	-4.079389133318040422e+03
-5.079004779148795933e+03	-4.079390079968523423e+03
-5.079004779148795933e+03	-4.079390487554435367e+03
-5.079004779148795933e+03	-4.079390817660280391e+03
-5.079004779148795933e+03	-4.079390952038136220e+03
-5.079004779148795933e+03	-4.079391344518039659e+03
-5.079004779148795933e+03	-4.079392546123802731e+03
-5.079004779148795933e+03	-4.079392968258104702e+03
-5.079004779148795933e+03	-4.079393310908919830e+03
-5.079004779148795933e+03	-4.079394592067660597e+03
-5.079004779148795933e+03	-4.079396094242193158e+03
-5.079012558168009491e+03	-4.079398322307921717e+03
-5.079012558168009491e+03	-4.079399066581798252e+03
-5.079012558168009491e+03	-4.079402147583245551e+03
-5.079012558168009491e+03	-4.079403107161620028e+03
-5.079012558168009491e+03	-4.079403116950163621e+03
-5.079012558168009491e+03	-4.079403379980702539e+03
-5.079012558168009491e+03	-4.079403643670526890e+03
-5.079012558168009491e+03	-4.079406367458358545e+03
-5.079012558168009491e+03	-4.079407369038691741e+03
-5.079012558168009491e+03	-4.079407701103404634e+03
-5.079012558168009491e+03	-4.079407701103404634e+03
-5.079012558168009491e+03	-4.079407950917962353e+03
-5.079012558168009491e+03	-4.079416000909218383e+03
-5.079012558168009491e+03	-4.079418798735960991e+03
-5.079012558168009491e+03	-4.079420477852843305e+03
-5.079012558168009491e+03	-4.079420769821520480e+03
-5.079012558168009491e+03	-4.079429546815755657e+03
-5.079012558168009491e+03	-4.079429648750684464e+03
-5.079012558168009491e+03	-4.079430128424619852e+03
-5.079012558168009491e+03	-4.079432706968186721e+03
-5.079012558168009491e+03	-4.079432776129587182e+03
-5.079012558168009491e+03	-4.079433910411901707e+03
-5.079012558168009491e+03	-4.079435257869514771e+03
-5.079012558168009491e+03	-4.079435280068596057e+03
-5.079012558168009491e+03	-4.079438619433513395e+03
-5.079013287586962178e+03	-4.079442429571682624e+03
-5.079013287586962178e+03	-4.079442541792811880e+03
-5.079018887004727731e+03	-4.079444976574655357e+03
-5.079018887004727731e+03	-4.079446831498558367e+03
-5.079018887004727731e+03	-4.079447752731954552e+03
-5.079018887004727731e+03	-4.079448001413335987e+03
-5.079018887004727731e+03	-4.079448684181058979e+03
-5.079018887004727731e+03	-4.079451223788291372e+03
-5.079018887004727731e+03	-4.079452389503347604e+03
-5.079018887004727731e+03	-4.079452542431316488e+03
-5.079018887004727731e+03	-4.079452666373028478e+03
-5.079018887004727731e+03	-4.079454453917867795e+03
-5.079023074191998603e+03	-4.079454937545951452e+03
-5.079023074191998603e+03	-4.079455157165879427e+03
-5.079023074191998603e+03	-4.079455636516168852e+03
-5.079023074191998603e+03	-4.079455810626348011e+03
-5.079023074191998603e+03	-4.079457595773825233e+03
-5.079023074191998603e+03	-4.079458419576944834e+03
-5.079023074191998603e+03	-4.079458956516442868e+03
-5.079023074191998603e+03	-4.079459289967239783e+03
-5.079023074191998603e+03	-4.079459643373357267e+03
-5.079023074191998603e+03	-4.079459688205698058e+03
-5.079023074191998603e+03	-4.079461734453752797e+03
-5.079023074191998603e+03	-4.079461734453752797e+03
-5.079023074191998603e+03	-4.079461809676660323e+03
-5.079023074191998603e+03	-4.079461985611180353e+03
-5.079023074191998603e+03	-4.079462498211832553e+03
-5.079023074191998603e+03	-4.079463378472191380e+03
-5.079023074191998603e+03	-4.079464768211154478e+03
-5.079023074191998603e+03	-4.079464980039490456e+03
-5.079023074191998603e+03	-4.079466624587050774e+03
-5.079023074191998603e+03	-4.079467130123762672e+03
-5.079023074191998603e+03	-4.079467243657459221e+03
-5.079023074191998603e+03	-4.079467437111899471e+03
-5.079023074191998603e+03	-4.079468071669553410e+03
-5.079023074191998603e+03	-4.079468183934761328e+03
-5.079023074191998603e+03	-4.079468200454704856e+03
-5.079023074191998603e+03	-4.079470253626409431e+03
-5.079023074191998603e+03	-4.079471463675061841e+03
-5.079025018333144544e+03	-4.079475521791709980e+03
-5.079025028945092345e+03	-4.079475632766604122e+03
-5.079025028945092345e+03	-4.079476226551964828e+03
-5.079025028945092345e+03	-4.079476226551964828e+03
-5.079025028945092345e+03	-4.079476226551964828e+03
-5.079025028945092345e+03	-4.079476844303977941e+03
-5.079025028945092345e+03	-4.079477879456407663e+03
-5.079025028945092345e+03	-4.079478439799773241e+03
-5.079025028945092345e+03	-4.079478511004827396e+03
-5.079025028945092345e+03	-4.079478539130870104e+03
-5.079025028945092345e+03	-4.079478921605244977e+03
-5.079025028945092345e+03	-4.079480362968023655e+03
-5.079025028945092345e+03	-4.079481438988642367e+03
-5.079025028945092345e+03	-4.079481498273471971e+03
-5.079025028945092345e+03	-4.079481846642132950e+03
-5.079025028945092345e+03	-4.079482251873081168e+03
-5.079025028945092345e+03	-4.079482838874792378e+03
-5.079025028945092345e+03	-4.079482841074360749e+03
-5.079025028945092345e+03	-4.079485614713546056e+03
-5.079025028945092345e+03	-4.079485755558425808e+03
-5.079025028945092345e+03	-4.079486302832009187e+03
-5.079025028945092345e+03	-4.079486302832009187e+03
-5.079025028945092345e+03	-4.079487419849670914e+03
-5.079025028945092345e+03	-4.079487572305559297e+03
-5.079026552927527518e+03	-4.079488486978597848e+03
-5.079026552927527518e+03	-4.079490905851323532e+03
-5.079028528422064483e+03	-4.079491405132800082e+03
-5.079028528422064483e+03	-4.079491860890328553e+03
-5.079028528422064483e+03	-4.079492255137319262e+03
-5.079028528422064483e+03	-4.079492324728859330e+03
-5.079028528422064483e+03	-4.079492354126798546e+03
-5.079028528422064483e+03	-4.079492476098903808e+03
-5.079028528422064483e+03	-4.079493770020038028e+03
-5.079028528422064483e+03	-4.079495464175496181e+03
-5.079028528422064483e+03	-4.079496082555802786e+03
-5.079028528422064483e+03	-4.079496228618210353e+03
-5.079028528422064483e+03	-4.079496431937865509e+03
-5.079028528422064483e+03	-4.079497878128699995e+03
-5.079028528422064483e+03	-4.079497878128699995e+03
-5.079028528422064483e+03	-4.079497878128699995e+03
-5.079028528422064483e+03	-4.079498338188376238e+03
-5.079028528422064483e+03	-4.079498992192960031e+03
-5.079028528422064483e+03	-4.079500678515997606e+03
-5.079028528422064483e+03	-4.079503149653507080e+03
-5.079028528422064483e+03	-4.079503736698759894e+03
-5.079028528422064483e+03	-4.079503736698759894e+03
-5.079028528422064483e+03	-4.079504942018691509e+03
-5.079028528422064483e+03	-4.079505135329936365e+03
-5.079028528422064483e+03	-4.079505496999515344e+03
-5.079028528422064483e+03	-4.079509754035815604e+03
-5.079028528422064483e+03	-4.079515503191769767e+03
-5.079028528422064483e+03	-4.079517383797423008e+03
-5.079028528422064483e+03	-4.079517383797423008e+03
-5.079028528422064483e+03	-4.079517585866045010e+03
-5.079028528422064483e+03	-4.079517872276617254e+03
-5.079028528422064483e+03	-4.079518032504523489e+03
-5.079028528422064483e+03	-4.079522448157794315e+03
-5.079028528422064483e+03	-4.079523374285909540e+03
-5.079028528422064483e+03	-4.079523398576022373e+03
-5.079028528422064483e+03	-4.079523460310439987e+03
-5.079028528422064483e+03	-4.079523719831582639e+03
-5.079028528422064483e+03	-4.079524436121631879e+03
-5.079028528422064483e+03	-4.079524507785347851e+03
-5.079028528422064483e+03	-4.079524532668805023e+03
-5.079028528422064483e+03	-4.079525467216456036e+03
-5.079028528422064483e+03	-4.079525467216456036e+03
-5.079028528422064483e+03	-4.079525467216456036e+03
-5.079028528422064483e+03	-4.079525707361472996e+03
-5.079028528422064483e+03	-4.079526084286868809e+03
-5.079028528422064483e+03	-4.079526978114988651e+03
-5.079028528422064483e+03	-4.079529099639441938e+03
-5.079028528422064483e+03	-4.079529254360384584e+03
-5.079028528422064483e+03	-4.079530600877052620e+03
-5.079028528422064483e+03	-4.079531797094708963e+03
-5.079028528422064483e+03	-4.079531997949036395e+03
-5.079028528422064483e+03	-4.079532334482652004e+03
-5.079028528422064483e+03	-4.079532482502536368e+03
-5.079028528422064483e+03	-4.079535946433626577e+03
-5.079028528422064483e+03	-4.079536132420623289e+03
-5.079028528422064483e+03	-4.079536132420623289e+03
-5.079028528422064483e+03	-4.079536299943164977e+03
-5.079028528422064483e+03	-4.079536506236911919e+03
-5.079028528422064483e+03	-4.079536506236911919e+03
-5.079028528422064483e+03	-4.079536510912031645e+03
-5.079028528422064483e+03	-4.079536510912031645e+03
-5.079028528422064483e+03	-4.079536588395400031e+03
-5.079028528422064483e+03	-4.079536588395400031e+03
