-4.140248773864639588e+03
-3.224571972785170146e+03
-3.981279829227295068e+03
-4.209546997891190586e+03
-4.487257900189764769e+03
-3.312980316694452540e+03
-4.015301119414053119e+03
-2.904574709026052915e+03
-3.293086652806986876e+03
-4.211960510133456410e+03
-4.297078842760315638e+03
-4.488343903090078129e+03
-3.960341617982824573e+03
-4.351249569094829894e+03
-4.584697535340046670e+03
-4.222442314622573576e+03
-4.591315317032917847e+03
-4.510774070689225482e+03
-4.375647107726690592e+03
-4.708388436238054965e+03
-4.016492088965758285e+03
-4.209753554686322786e+03
-4.195186529079177490e+03
-3.386300435758378626e+03
-2.727580254216979029e+03
-4.430397282130944404e+03
-3.350503878520106809e+03
-4.664854941971001608e+03
-4.454912661500674403e+03
-5.079028528422064483e+03
